* CVFRAME: Vel file gps_cmnc.vel rotated from ITRF14   to USER
* Long.    Lat.         E & N Rate           E & N Adj.        E & N +-    RHO     SITE
* (deg)   (deg)          (mm/yr)              (mm/yr)           (mm/yr)        
  116.99   30.62      5.62     -1.72     32.93    -11.51    0.07    0.07    0      AHAQ
  117.30   32.90      4.78     -1.86     32.02    -11.72    0.11    0.27    0      AHBB
  115.89   39.61      3.71     -1.31     30.72    -10.83    0.20    0.15    0      BJFS
  117.16   40.69      2.43     -0.90     29.21    -10.72    0.09    0.06    0      BJGB
  116.22   40.25      3.13     -1.90     30.05    -11.50    0.08    0.12    0      BJSH
  115.97   40.37      3.22     -1.20     30.16    -10.74    0.08    0.05    0      BJYQ
  125.44   43.79      2.69     -1.31     28.07    -12.95    0.06    0.12    0      CHAN
  125.44   43.79      1.38     -0.82     26.76    -12.46    0.53    0.21    0      CHUN
  107.23   29.91      6.51     -2.00     34.55     -9.37    0.08    0.05    0      CQCS
  108.49   30.77      6.01     -2.19     33.98     -9.88    0.12    0.07    0      CQWZ
   97.38   37.38      7.23      6.54     35.80      1.83    0.15    0.06    0      DLHA
  100.20   40.98      2.83      0.90     31.07     -4.59    0.10    0.11    0      DXIN
  119.77   25.50      4.90     -1.11     31.94    -11.54    0.30    0.12    0      FJPT
  117.99   27.62      5.56     -1.60     32.79    -11.62    0.06    0.10    0      FJWY
  120.02   26.88      5.75     -1.37     32.80    -11.85    0.10    0.12    0      FJXP
  113.59   24.85      6.01     -2.23     33.47    -11.20    0.24    0.16    0      GDSG
  116.60   23.42      5.36     -2.01     32.55    -11.71    0.19    0.22    0      GDST
  113.57   22.28      5.83     -2.24     33.15    -11.21    0.05    0.11    0      GDZH
  110.30   21.15      5.67     -2.49     33.08    -10.65    0.10    0.11    0      GDZJ
   95.76   40.52      2.46      3.70     30.97     -0.56    0.04    0.03    0      GSAX
   94.68   40.14      1.92      4.19     30.50      0.23    0.07    0.05    0      GSDH
  104.60   35.55      7.84     -0.34     36.04     -7.02    0.03    0.05    0      GSDX
  102.89   37.45      5.86      1.09     34.11     -5.13    0.07    0.06    0      GSGL
   99.81   39.41      2.82      1.76     31.17     -3.62    0.05    0.06    0      GSGT
  105.76   35.53      6.00     -1.66     34.12     -8.64    0.11    0.07    0      GSJN
  104.06   37.18      6.43      1.08     34.61     -5.45    0.05    0.06    0      GSJT
   98.22   39.81      2.68      2.84     31.11     -2.10    0.08    0.09    0      GSJY
  104.65   34.99      7.02     -0.54     35.23     -7.23    0.05    0.06    0      GSLX
  103.67   36.08     11.97      6.50     40.22      0.07    0.44    0.75    0      GSLZ
  102.06   34.02     12.56      1.73     40.94     -4.26    0.04    0.10    0      GSMA
  100.82   38.44      4.51      2.35     32.85     -3.31    0.10    0.11    0      GSML
  103.09   38.63      3.77      0.80     31.96     -5.47    0.15    0.15    0      GSMQ
  104.02   34.43      9.34      0.28     37.60     -6.24    0.09    0.08    0      GSMX
  106.59   35.55      6.10     -2.34     34.16     -9.54    0.34    0.10    0      GSPL
  106.21   34.75      5.15     -1.08     33.26     -8.18    0.12    0.11    0      GSQS
  105.91   34.48      6.28     -2.17     34.41     -9.19    0.11    0.15    0      GSTS
  104.82   33.42      7.33     -1.62     35.55     -8.35    0.12    0.11    0      GSWD
  113.34   23.18      5.80     -2.65     33.19    -11.56    0.21    0.09    0      GUAN
   87.18   43.47      3.75      7.09     32.37      5.28    0.03    0.03    0      GUAO
  106.67   23.92      6.20     -2.64     34.01     -9.86    0.10    0.09    0      GXBS
  110.31   25.19      6.13     -1.56     33.82     -9.72    0.28    0.31    0      GXGL
  108.04   24.69      6.26     -2.01     34.05     -9.59    0.05    0.16    0      GXHC
  108.15   22.57      6.03     -1.84     33.67     -9.45    0.09    0.17    0      GXNN
  111.23   23.48      6.35     -1.75     33.88    -10.14    0.11    0.19    0      GXWZ
  107.73   27.98      6.06     -2.02     34.02     -9.52    0.43    0.15    0      GZFG
  106.67   26.47      6.34     -2.16     34.30     -9.38    0.11    0.13    0      GZGY
  104.86   26.59      6.14     -2.27     34.21     -9.02    0.05    0.10    0      GZSC
  114.52   35.66      4.89     -2.19     32.29    -11.39    0.09    0.10    0      HAHB
  112.45   35.16      5.30     -2.04     32.90    -10.73    0.05    0.08    0      HAJY
  114.03   32.85      6.28     -1.93     33.81    -11.01    0.11    0.10    0      HAQS
  109.49   30.28      6.06     -2.32     33.96    -10.27    0.08    0.06    0      HBES
  112.17   31.12      6.30     -2.08     34.01    -10.70    0.22    0.09    0      HBJM
  112.04   32.00      5.76     -2.14     33.47    -10.73    0.05    0.05    0      HBXF
  110.97   30.83      6.43     -1.43     34.23     -9.75    0.14    0.24    0      HBZG
  115.84   40.88      2.68     -1.44     29.58    -10.95    0.08    0.05    0      HECC
  117.92   41.02      2.68     -0.46     29.34    -10.46    0.10    0.16    0      HECD
  116.93   38.46      3.19     -0.08     30.18     -9.85    0.21    0.10    0      HECX
  114.31   38.25      4.41     -1.77     31.68    -10.91    0.06    0.05    0      HELQ
  114.71   37.40      5.04     -1.45     32.33    -10.69    0.35    0.10    0      HELY
  118.30   39.74      0.94      1.51     27.68     -8.57    0.34    0.48    0      HETS
  114.16   40.13      4.29     -2.38     31.44    -11.48    0.17    0.08    0      HEYY
  114.90   40.83      2.61     -1.07     29.62    -10.35    0.11    0.15    0      HEZJ
  110.25   19.99      5.05     -1.77     32.36     -9.92    0.12    0.11    0      HIHK
  109.53   18.24      5.57     -1.11     32.73     -9.07    0.62    0.38    0      HISY
  112.88    9.54      3.82     -1.90     29.62    -10.70    0.33    0.31    0      HIYS
  119.74   49.27      0.59     -0.88     25.92    -11.29    0.11    0.05    0      HLAR
  134.28   48.37     -1.16     -1.56     22.07    -14.88    0.16    0.12    0      HLFY
  130.24   47.35      1.79     -3.28     25.88    -15.87    0.20    0.13    0      HLHG
  122.51   52.98     -0.91     -0.78     23.34    -11.80    0.20    0.20    0      HLMH
  126.14   48.67      0.55     -0.96     25.05    -12.74    0.12    0.06    0      HLWD
  113.63   28.16      5.82     -2.14     33.39    -11.12    0.05    0.08    0      HNLY
  109.80   27.88      6.16     -2.23     33.99    -10.26    0.06    0.12    0      HNMY
  126.62   45.70      1.21     -0.72     26.14    -12.60    0.44    0.36    0      HRBN
  117.53   40.08      1.79     -0.59     28.58    -10.50    0.14    0.05    0      JIXN
  128.11   42.41      5.32     -1.74     30.51    -13.92    0.36    0.12    0      JLCB
  123.52   44.55      2.23     -0.92     27.77    -12.16    0.05    0.07    0      JLCL
  129.50   42.87      5.59     -4.03     30.51    -16.48    0.33    0.15    0      JLYJ
  119.42   31.35      5.95     -1.37     33.03    -11.72    0.07    0.08    0      JSLS
  119.47   34.72      4.50     -1.93     31.46    -12.28    0.11    0.10    0      JSLY
  120.89   31.95      5.48     -1.54     32.41    -12.22    0.11    0.12    0      JSNT
  120.02   33.38      4.96     -0.02     31.92    -10.50    0.09    0.42    0      JSYC
  116.24   29.73      5.80     -1.06     33.18    -10.67    0.28    0.13    0      JXHK
  115.06   26.75      6.07     -2.34     33.50    -11.67    0.11    0.14    0      JXJA
  102.80   25.03      3.37    -10.42     31.45    -16.62    0.37    0.79    0      KMIN
  102.17   19.90      3.33     -1.61     30.97     -7.64    0.27    0.22    0      LALB
  104.98   18.19      3.33     -1.93     30.67     -8.71    0.17    0.09    0      LALX
   91.10   29.66     18.65     18.38     47.41     15.44    0.24    0.04    0      LHAZ
  124.33   40.03      3.13      0.14     29.11    -11.27    0.27    0.17    0      LNDD
  120.85   40.69      3.13     -1.03     29.48    -11.69    0.10    0.07    0      LNHL
  121.74   39.09      2.86     -1.30     29.26    -12.16    0.10    0.11    0      LNJZ
  123.58   41.83      2.57     -1.43     28.45    -12.68    0.46    0.23    0      LNSY
  122.60   40.68      2.84     -1.22     28.97    -12.27    0.13    0.17    0      LNYK
  105.41   28.87      7.44     -2.94     35.57     -9.83    0.31    0.10    0      LUZH
   97.45   25.43     -4.93     -1.64     23.39     -6.37    0.22    0.23    0      MMMZ
   97.77   20.90      0.01     -1.17     27.90     -5.99    0.22    0.09    0      MMNS
  122.63   43.30      2.41     -0.27     28.23    -11.32    0.11    0.05    0      NMAG
  120.11   43.86      2.11     -0.97     28.19    -11.46    0.08    0.04    0      NMAL
  101.69   39.21      3.27      0.42     31.52     -5.47    0.03    0.12    0      NMAY
  105.67   38.81      3.83     -0.45     31.82     -7.41    0.10    0.06    0      NMAZ
  116.96   45.51      1.80     -1.12     28.06    -10.89    0.09    0.04    0      NMDW
  101.06   41.96      2.97      0.66     31.09     -5.06    0.04    0.05    0      NMEJ
  111.94   43.63      2.20     -1.43     29.24     -9.99    0.08    0.14    0      NMEL
  123.73   50.58     -0.35     -0.81     24.18    -12.09    0.09    0.11    0      NMER
  111.25   40.26      3.61     -2.21     31.03    -10.60    0.16    0.13    0      NMTK
  106.84   39.66      2.95     -1.38     30.80     -8.64    0.27    0.15    0      NMWH
  108.07   41.30      2.40     -1.97     30.03     -9.55    0.07    0.08    0      NMWJ
  122.03   46.04      1.61     -0.68     27.14    -11.60    0.07    0.05    0      NMWL
    0.00  107.06     41.08     -2.64      7.08     25.09   -0.24    0.45    0      0.42
  115.98   42.23      2.47     -0.99     29.23    -10.53    0.06    0.08    0      NMZL
  105.65   36.55      6.16     -0.09     34.25     -7.04    0.05    0.07    0      NXHY
  106.27   38.49      4.13     -1.06     32.09     -8.18    0.11    0.18    0      NXYC
  105.24   37.59      4.73      0.99     32.81     -5.85    0.04    0.05    0      NXZW
  100.74   32.93     15.68      0.72     44.14     -4.92    0.11    0.07    0      QHBM
   98.10   36.30      9.06      7.60     37.62      2.69    0.04    0.12    0      QHDL
  100.13   37.33      8.64      3.08     37.07     -2.39    0.08    0.07    0      QHGC
   94.77   36.15      8.03      8.47     36.75      4.49    0.03    0.04    0      QHGE
   93.33   38.74      5.43      5.56     34.13      1.99    0.10    0.89    0      QHLH
   98.21   34.92     16.21      5.41     44.79      0.47    0.07    0.08    0      QHMD
  101.40   37.47      8.36      2.53     36.70     -3.29    0.06    0.07    0      QHME
  100.25   34.48     13.17      3.97     41.65     -1.53    0.07    0.11    0      QHMQ
   90.80   38.48      6.28      9.80     35.08      6.95    0.03    0.06    0      QHMY
  100.24   38.19      5.62      2.23     34.01     -3.27    0.05    0.06    0      QHQL
  102.01   35.52      9.58      4.24     37.94     -1.74    0.21    0.12    0      QHTR
   92.44   34.22     20.02     10.22     48.84      6.90    0.15    0.13    0      QHTT
   97.01   33.01     19.25      3.91     47.89     -0.70    0.07    0.06    0      QHYS
  109.85   19.03      4.71     -2.18     31.94    -10.22    0.22    0.71    0      QION
  106.74   31.84      5.89     -2.21     33.99     -9.45    0.05    0.06    0      SCBZ
  101.12   30.98     14.60     -6.44     43.02    -12.18    0.15    0.07    0      SCDF
  105.90   32.42      5.98     -2.16     34.13     -9.18    0.12    0.12    0      SCGU
  105.85   32.44      5.70     -1.48     33.85     -8.49    0.43    0.16    0      SCGY
  100.02   31.61     18.99     -4.32     47.47     -9.76    0.07    0.15    0      SCGZ
  101.50   29.01     10.82    -11.98     39.16    -17.82    0.06    0.06    0      SCJL
  104.52   28.18      5.73     -1.29     33.89     -7.95    0.15    0.19    0      SCJU
  100.67   31.39     16.83     -5.53     45.28    -11.15    0.25    0.05    0      SCLH
  103.53   28.84      6.84     -2.53     35.07     -8.92    0.11    0.11    0      SCMB
  101.28   27.93     20.13    -13.95     48.44    -19.73    0.14    0.08    0      SCML
  102.17   28.33     10.29    -10.56     38.57    -16.59    0.05    0.06    0      SCMN
  103.85   31.67     14.87     -0.27     43.15     -6.75    0.63    0.36    0      SCMX
  105.88   30.98      6.42     -2.77     34.57     -9.79    0.06    0.04    0      SCNC
  102.72   27.06      8.71    -11.34     36.91    -17.51    0.07    0.15    0      SCNN
  101.74   26.50      7.24    -12.11     35.46    -18.02    0.04    0.09    0      SCPZ
  102.35   29.23      9.26     -5.96     37.57    -12.04    0.05    0.07    0      SCSM
  105.56   30.51      5.64     -2.18     33.80     -9.11    0.11    0.14    0      SCSN
  103.58   32.65     11.98     -4.03     40.28    -10.43    0.15    0.16    0      SCSP
  102.77   30.07      7.02     -3.78     35.33     -9.97    0.09    0.11    0      SCTQ
   99.80   28.94     12.48    -11.74     40.90    -17.12    0.05    0.07    0      SCXC
  102.44   28.30      9.92     -8.22     38.19    -14.32    0.07    0.05    0      SCXD
  102.37   31.00     11.00      0.54     39.35     -5.54    0.33    0.26    0      SCXJ
  102.51   28.65      8.67     -7.56     36.95    -13.68    0.15    0.29    0      SCYX
  101.51   27.43      9.77    -12.10     38.05    -17.95    0.05    0.07    0      SCYY
  119.46   36.75      4.08     -1.59     30.92    -11.94    0.07    0.15    0      SDCY
  116.35   35.43      5.22     -1.95     32.45    -11.58    0.10    0.13    0      SDJX
  118.29   35.00      4.68     -1.84     31.74    -11.92    0.06    0.17    0      SDLY
  120.30   36.08      4.96     -0.87     31.75    -11.41    0.11    0.13    0      SDQD
  122.42   37.17      3.69     -0.57     30.17    -11.58    0.15    0.09    0      SDRC
  121.44   37.48      3.36     -1.12     29.93    -11.91    0.12    0.08    0      SDYT
  117.99   36.81      4.46     -0.82     31.45    -10.84    0.13    0.35    0      SDZB
  121.20   31.10      5.19     -0.97     32.11    -11.71    0.10    0.07    0      SHA2
  121.20   31.10      5.48     -1.58     32.40    -12.32    0.14    0.25    0      SHAO
  108.77   32.79      6.27     -2.61     34.22    -10.38    0.06    0.10    0      SNAK
  110.08   34.48      6.01     -2.22     33.83    -10.32    0.07    0.12    0      SNHY
  106.69   33.13      7.08     -3.05     35.18    -10.28    0.08    0.41    0      SNMX
  107.32   34.06      6.73     -2.65     34.77    -10.04    0.05    0.07    0      SNTB
  108.39   35.17      5.86     -1.94     33.79     -9.61    0.05    0.09    0      SNXY
  109.46   36.62      1.02     -3.56     28.82    -11.50    0.87    0.35    0      SNYA
  130.91   44.43      0.75     -1.17     25.22    -13.89    0.85    0.69    0      SUIY
  113.18   36.22      5.96     -2.32     33.45    -11.19    0.42    0.61    0      SXCH
  113.18   36.22      3.18     -1.26     30.67    -10.13    0.30    0.55    0      SXCZ
  113.39   40.12      4.87     -0.71     32.09     -9.63    0.14    0.12    0      SXDT
  111.90   36.25      4.97     -2.11     32.58    -10.66    0.08    0.15    0      SXGX
  111.60   38.80      4.64     -1.27     32.13     -9.75    0.05    0.13    0      SXKL
  111.37   36.08      5.72     -2.32     33.38    -10.74    0.05    0.09    0      SXLF
  114.02   39.38      4.84     -1.69     32.06    -10.76    0.09    0.06    0      SXLQ
  112.43   37.71      6.03      0.05     33.51     -8.63    0.23    0.22    0      SXTY
  111.23   35.11      4.68     -0.32     32.39     -8.71    0.13    0.17    0      SXXX
  112.89   37.63      4.35     -2.14     31.79    -10.94    0.08    0.06    0      SXYC
  117.12   36.21      4.24     -2.12     31.35    -11.93    0.13    0.26    0      TAIN
   75.23   37.77     -3.64     21.15     25.28     22.79    0.10    0.18    0      TASS
  117.40   39.70      3.43     -1.99     30.27    -11.87    0.07    0.05    0      TJBD
  117.69   39.08      4.53     -0.95     31.39    -10.89    0.07    0.42    0      TJBH
  117.10   39.38      1.50      2.70     28.40     -7.11    0.46    0.40    0      TJWQ
   79.21   41.20      1.53     14.65     30.36     15.14    0.18    0.09    0      WUSH
  114.36   30.53      6.21     -2.14     33.74    -11.30    0.25    0.20    0      WUHN
  108.99   34.18      2.50      0.93     30.41     -6.89    0.34    0.42    0      XIAA
  100.25   25.61      1.85    -11.45     30.07    -16.96    0.31    0.14    0      XIAG
  118.08   24.45      5.60     -2.42     32.74    -12.46    0.11    0.16    0      XIAM
   88.13   47.86      0.77      4.96     28.95      2.87    0.05    0.06    0      XJAL
   78.77   39.81     -0.01     16.38     28.89     17.00    0.05    0.09    0      XJBC
   86.86   47.69      0.74      4.36     28.97      2.64    0.03    0.05    0      XJBE
   74.97   38.65     -5.01     20.07     23.88     21.79    0.19    0.10    0      XJBL
   83.72   42.83      2.74      8.24     31.46      7.43    0.03    0.12    0      XJBY
   84.89   44.31      3.06      7.04     31.65      5.89    0.05    0.17    0      XJDS
   89.54   47.00      1.25      4.96     29.48      2.47    0.04    0.11    0      XJFY
   79.05   37.16     -3.19     18.15     25.79     18.69    0.05    0.32    0      XJHT
   94.34   42.85      3.68      4.06     32.11      0.20    0.03    0.05    0      XJJJ
   82.98   41.73      3.17     11.24     31.97     10.64    0.03    0.08    0      XJKC
   86.19   41.79      2.16      9.33     30.92      7.80    0.13    0.06    0      XJKE
   84.91   45.61      2.49      4.05     30.97      2.89    0.68    0.39    0      XJKL
   90.30   43.81      3.28      6.04     31.79      3.33    0.04    0.13    0      XJML
   90.98   46.15      2.80      4.84     31.07      1.94    0.06    0.06    0      XJQH
   85.53   38.12     -0.45     10.01     28.48      8.67    0.04    0.08    0      XJQM
   88.17   39.02      0.72      8.44     29.57      6.34    0.04    0.05    0      XJRQ
   86.11   44.21      2.78      5.89     31.36      4.39    0.04    0.05    0      XJSH
   90.26   42.89      3.53      6.25     32.11      3.55    0.03    0.05    0      XJSS
   82.88   46.82      0.05      2.18     28.43      1.61    0.04    0.06    0      XJTC
   83.66   38.97      0.11     11.94     29.04     11.14    0.11    0.10    0      XJTZ
   86.72   42.92      3.39      8.14     32.06      6.46    0.04    0.05    0      XJWL
   81.00   44.96      0.57      3.85     29.14      3.82    0.03    0.04    0      XJWQ
   75.24   39.74     -0.18     12.75     28.68     14.39    0.06    0.16    0      XJWU
   83.26   43.40      1.72      7.57     30.40      6.89    0.06    0.09    0      XJXY
   77.45   37.85     -2.22     19.63     26.73     20.63    0.06    0.12    0      XJYC
   81.53   43.97      1.22      6.59     29.87      6.41    0.23    0.19    0      XJYN
   81.97   36.43     -3.49     13.98     25.51     13.67    0.13    0.18    0      XJYT
   80.36   42.68      2.41      7.72     31.16      7.88    0.08    0.14    0      XJZS
  101.77   36.60     10.09      2.73     38.44     -3.19    0.19    0.13    0      XNIN
   87.18   29.27     10.46     21.72     39.28     19.90    0.37    0.66    0      XZAR
   81.43   30.84      3.84     19.92     32.78     19.77    0.09    0.25    0      XZBG
   97.17   31.13     21.03      0.10     49.63     -4.55    0.08    0.10    0      XZCD
   97.47   28.66     13.04     -4.65     41.55     -9.39    0.07    0.07    0      XZCY
   91.10   30.48     17.97     16.64     46.76     13.70    0.11    0.16    0      XZDX
   80.11   32.52      1.43     17.51     30.41     17.74    0.07    0.11    0      XZGE
   84.07   32.29      7.33     19.58     36.30     18.66    0.14    0.18    0      XZGZ
   87.23   31.80     11.90     18.94     40.81     17.11    0.23    0.24    0      XZNM
   92.11   31.49     21.47     12.06     50.26      8.83    0.15    0.19    0      XZNQ
   88.87   29.25     13.01     22.74     41.80     20.44    0.12    0.32    0      XZRK
   79.72   33.39      0.75     17.23     29.75     17.57    0.09    0.12    0      XZRT
   88.91   27.44     10.74     31.69     39.43     29.38    0.37    0.38    0      XZYD
   84.16   29.68      7.52     23.52     36.40     22.58    0.36    0.42    0      XZZB
  107.44   37.78      4.39     -1.91     32.30     -9.33    0.11    0.14    0      YANC
  101.49   25.05      3.20    -10.63     31.33    -16.47    0.05    0.05    0      YNCX
  103.18   26.11      6.37     -6.07     34.49    -12.37    0.11    0.13    0      YNDC
   99.39   23.55     -2.51     -5.95     25.59    -11.22    0.13    0.07    0      YNGM
  103.29   26.41      6.39     -5.34     34.53    -11.67    0.11    0.25    0      YNHZ
  100.88   24.44      0.94    -10.66     29.06    -16.34    0.09    0.15    0      YNJD
  103.23   22.79      5.98     -2.53     33.86     -8.84    0.07    0.08    0      YNJP
   99.95   22.56     -0.09     -4.65     27.90    -10.07    0.10    0.12    0      YNLA
  100.08   23.87      0.35     -7.71     28.45    -13.17    0.26    0.07    0      YNLC
  100.03   26.70      3.75    -13.31     32.05    -18.75    0.05    0.11    0      YNLJ
  100.45   21.95      0.64     -5.11     28.56    -10.67    0.30    0.26    0      YNMH
  101.67   23.42      2.33     -8.84     30.33    -14.73    0.06    0.08    0      YNMJ
  103.38   24.40      7.04     -2.91     35.04     -9.26    0.17    0.19    0      YNML
  103.40   23.36      5.13     -3.10     33.05     -9.46    0.17    0.25    0      YNMZ
   97.85   24.00     -4.84     -3.04     23.35     -7.88    0.18    0.18    0      YNRL
   99.19   24.71     -1.53     -8.21     26.67    -13.42    0.08    0.10    0      YNSD
  101.05   22.74      0.54     -7.52     28.51    -13.24    0.23    0.10    0      YNSM
   98.44   24.95     -4.53     -5.57     23.72    -10.58    0.27    0.06    0      YNTC
  102.75   24.12      4.57     -7.06     32.58    -13.24    0.17    0.06    0      YNTH
  104.25   23.41      4.24     -3.78     32.13    -10.37    0.35    0.14    0      YNWS
  101.91   24.10      1.69     -9.88     29.74    -15.84    0.29    0.15    0      YNXP
  101.33   25.72      4.74    -11.13     32.93    -16.93    0.04    0.13    0      YNYA
   99.37   25.88     -0.75    -10.98     27.53    -16.24    0.08    0.07    0      YNYL
  101.86   25.69      5.30    -11.17     33.46    -17.11    0.05    0.10    0      YNYM
  100.75   26.68      7.02    -11.71     35.29    -17.35    0.07    0.10    0      YNYS
   99.70   27.82      5.42    -14.82     33.80    -20.17    0.43    0.18    0      YNZD
  112.34   16.83      2.85     -2.05     29.73    -10.72    0.14    0.14    0      YONG
  113.10   34.52      5.91     -2.57     33.48    -11.42    0.22    0.20    0      ZHNZ
  119.27   29.47      5.70     -1.64     32.82    -11.95    0.08    0.11    0      ZJJD
  120.76   27.93      5.27     -1.48     32.27    -12.13    0.11    0.17    0      ZJWZ
  121.99   30.07      5.43     -1.27     32.30    -12.19    0.07    0.16    0      ZJZS
